BGR,CZE,HUN,LTU,RUS,UKR,LVA,EST,BLR
0,1101,682,1388,1574,768,1564,1877,1234
1101,0,419,824,5327,477,992,1156,963
682,419,0,941,1592,728,1136,1324,943
1388,824,941,0,1048,906,196,388,417
1574,5327,1592,1048,0,1048,836,1017,430
768,477,728,906,1048,0,1004,1177,1084
1564,992,1136,196,836,1004,0,411,412
1877,1156,1324,388,1017,1177,411,0,574
1234,963,943,417,430,1084,412,574,0
